dim as integer Avg(...) = { _
30,65,29,50,55,35,100,85,55,15,35,60,55, _
45,23,30,25,35,35,35,40,35,72,32,55,20,20,100,65,160,20,45,90, _
15,30,80,60,50,50,20,80,70,30,160,45,18,50,50,190,65,35,50,85, _
15,22,30,140,35,20,30,15,40,20,7*60+10,30,23,55,30,125,35,53, _
15,55,40,40,26,16,18,6,30,30,10,20,20,24,16,25,30,58,190,25,16, _
25,42,195,30,65,15,86,85,45,25,80,23,15,11,15,38,30,10,20,45, _
20,45,25,22,180,110,15,37,35,45,60,80,15,100,15,115,33,85, _
38,8,54,50,30,45,18,18,20,18,95,110,50,80,75,165,15,55,15 }

dim as integer iSum,iCnt=ubound(Avg)-1
for N as long = 0 to iCnt
  iSum += Avg(N)
next N
print iCnt;" jogos ";iSum\iCnt; " minuto por jogo. ";(iSum+30)\60;"horas+/- totais"
sleep