const int16_t CubicSplineLUT[4 * 512] =
{
	    0, 32767,     0,     0,   -32, 32767,    32,     0,   -64, 32767,    65,     0,   -95, 32766,    98,    -1,
	 -126, 32763,   132,    -1,  -157, 32761,   166,    -2,  -188, 32757,   201,    -2,  -218, 32753,   236,    -3,
	 -248, 32748,   272,    -4,  -278, 32743,   308,    -5,  -308, 32737,   345,    -6,  -337, 32730,   382,    -7,
	 -366, 32724,   419,    -9,  -395, 32716,   457,   -10,  -424, 32708,   496,   -12,  -452, 32699,   535,   -14,
	 -481, 32690,   575,   -16,  -508, 32679,   614,   -17,  -536, 32669,   655,   -20,  -564, 32658,   696,   -22,
	 -591, 32646,   737,   -24,  -618, 32633,   779,   -26,  -645, 32621,   821,   -29,  -671, 32607,   864,   -32,
	 -698, 32593,   907,   -34,  -724, 32578,   951,   -37,  -750, 32563,   995,   -40,  -775, 32547,  1039,   -43,
	 -801, 32531,  1084,   -46,  -826, 32515,  1129,   -50,  -851, 32497,  1175,   -53,  -876, 32479,  1221,   -56,
	 -900, 32460,  1268,   -60,  -924, 32441,  1315,   -64,  -948, 32420,  1363,   -67,  -972, 32400,  1411,   -71,
	 -996, 32380,  1459,   -75, -1019, 32358,  1508,   -79, -1042, 32337,  1557,   -84, -1065, 32314,  1607,   -88,
	-1088, 32291,  1657,   -92, -1110, 32268,  1707,   -97, -1133, 32244,  1758,  -101, -1155, 32220,  1809,  -106,
	-1176, 32194,  1861,  -111, -1198, 32168,  1913,  -115, -1219, 32142,  1965,  -120, -1241, 32116,  2018,  -125,
	-1262, 32089,  2072,  -131, -1282, 32061,  2125,  -136, -1303, 32033,  2179,  -141, -1323, 32003,  2234,  -146,
	-1343, 31974,  2289,  -152, -1363, 31944,  2344,  -157, -1383, 31915,  2399,  -163, -1402, 31884,  2455,  -169,
	-1421, 31852,  2512,  -175, -1440, 31820,  2568,  -180, -1459, 31787,  2626,  -186, -1478, 31755,  2683,  -192,
	-1496, 31722,  2741,  -199, -1515, 31689,  2799,  -205, -1533, 31654,  2858,  -211, -1550, 31619,  2917,  -218,
	-1568, 31584,  2976,  -224, -1585, 31548,  3036,  -231, -1603, 31512,  3096,  -237, -1620, 31476,  3156,  -244,
	-1636, 31438,  3217,  -251, -1653, 31400,  3278,  -257, -1669, 31362,  3339,  -264, -1686, 31324,  3401,  -271,
	-1702, 31285,  3463,  -278, -1717, 31245,  3526,  -286, -1733, 31205,  3589,  -293, -1748, 31164,  3652,  -300,
	-1764, 31124,  3715,  -307, -1779, 31083,  3779,  -315, -1793, 31040,  3843,  -322, -1808, 30998,  3908,  -330,
	-1823, 30956,  3973,  -338, -1837, 30912,  4038,  -345, -1851, 30869,  4103,  -353, -1865, 30825,  4169,  -361,
	-1878, 30780,  4235,  -369, -1892, 30736,  4301,  -377, -1905, 30690,  4368,  -385, -1918, 30644,  4435,  -393,
	-1931, 30598,  4502,  -401, -1944, 30551,  4570,  -409, -1956, 30503,  4638,  -417, -1969, 30457,  4706,  -426,
	-1981, 30408,  4775,  -434, -1993, 30359,  4844,  -442, -2005, 30311,  4913,  -451, -2017, 30262,  4982,  -459,
	-2028, 30212,  5052,  -468, -2039, 30162,  5122,  -477, -2050, 30111,  5192,  -485, -2061, 30060,  5263,  -494,
	-2072, 30009,  5334,  -503, -2083, 29958,  5405,  -512, -2093, 29906,  5476,  -521, -2103, 29853,  5548,  -530,
	-2113, 29800,  5620,  -539, -2123, 29747,  5692,  -548, -2133, 29693,  5765,  -557, -2142, 29638,  5838,  -566,
	-2152, 29584,  5911,  -575, -2161, 29529,  5984,  -584, -2170, 29474,  6058,  -594, -2179, 29419,  6131,  -603,
	-2188, 29363,  6206,  -613, -2196, 29306,  6280,  -622, -2204, 29249,  6354,  -631, -2213, 29193,  6429,  -641,
	-2221, 29135,  6504,  -650, -2228, 29076,  6580,  -660, -2236, 29019,  6655,  -670, -2244, 28960,  6731,  -679,
	-2251, 28901,  6807,  -689, -2258, 28842,  6883,  -699, -2265, 28782,  6960,  -709, -2272, 28721,  7037,  -718,
	-2279, 28661,  7114,  -728, -2285, 28600,  7191,  -738, -2292, 28540,  7268,  -748, -2298, 28478,  7346,  -758,
	-2304, 28416,  7424,  -768, -2310, 28354,  7502,  -778, -2316, 28292,  7580,  -788, -2321, 28228,  7659,  -798,
	-2327, 28165,  7738,  -808, -2332, 28101,  7817,  -818, -2337, 28038,  7896,  -829, -2342, 27974,  7975,  -839,
	-2347, 27909,  8055,  -849, -2352, 27844,  8135,  -859, -2356, 27778,  8215,  -869, -2361, 27714,  8295,  -880,
	-2365, 27648,  8375,  -890, -2369, 27581,  8456,  -900, -2373, 27516,  8536,  -911, -2377, 27449,  8617,  -921,
	-2381, 27382,  8699,  -932, -2384, 27314,  8780,  -942, -2387, 27246,  8861,  -952, -2391, 27179,  8943,  -963,
	-2394, 27110,  9025,  -973, -2397, 27042,  9107,  -984, -2399, 26972,  9189,  -994, -2402, 26904,  9271, -1005,
	-2405, 26834,  9354, -1015, -2407, 26764,  9437, -1026, -2409, 26693,  9520, -1036, -2411, 26623,  9603, -1047,
	-2413, 26553,  9686, -1058, -2415, 26482,  9769, -1068, -2417, 26411,  9853, -1079, -2419, 26340,  9936, -1089,
	-2420, 26268, 10020, -1100, -2421, 26196, 10104, -1111, -2422, 26123, 10188, -1121, -2424, 26052, 10272, -1132,
	-2424, 25978, 10357, -1143, -2425, 25905, 10441, -1153, -2426, 25832, 10526, -1164, -2426, 25758, 10611, -1175,
	-2427, 25684, 10696, -1185, -2427, 25610, 10781, -1196, -2427, 25536, 10866, -1207, -2427, 25461, 10951, -1217,
	-2427, 25386, 11037, -1228, -2427, 25312, 11122, -1239, -2427, 25236, 11208, -1249, -2426, 25160, 11294, -1260,
	-2426, 25085, 11380, -1271, -2425, 25008, 11466, -1281, -2424, 24932, 11552, -1292, -2423, 24855, 11638, -1302,
	-2422, 24779, 11724, -1313, -2421, 24702, 11811, -1324, -2419, 24624, 11897, -1334, -2418, 24547, 11984, -1345,
	-2416, 24469, 12071, -1356, -2415, 24391, 12158, -1366, -2413, 24314, 12244, -1377, -2411, 24234, 12332, -1387,
	-2409, 24156, 12419, -1398, -2407, 24077, 12506, -1408, -2405, 23999, 12593, -1419, -2402, 23918, 12681, -1429,
	-2400, 23840, 12768, -1440, -2397, 23759, 12856, -1450, -2395, 23681, 12943, -1461, -2392, 23600, 13031, -1471,
	-2389, 23520, 13119, -1482, -2386, 23440, 13206, -1492, -2383, 23360, 13294, -1503, -2380, 23279, 13382, -1513,
	-2377, 23198, 13470, -1523, -2373, 23117, 13558, -1534, -2370, 23035, 13647, -1544, -2366, 22953, 13735, -1554,
	-2362, 22872, 13823, -1565, -2359, 22791, 13911, -1575, -2355, 22708, 14000, -1585, -2351, 22626, 14088, -1595,
	-2347, 22544, 14177, -1606, -2342, 22461, 14265, -1616, -2338, 22378, 14354, -1626, -2334, 22296, 14442, -1636,
	-2329, 22212, 14531, -1646, -2325, 22130, 14619, -1656, -2320, 22046, 14708, -1666, -2315, 21962, 14797, -1676,
	-2310, 21879, 14885, -1686, -2305, 21795, 14974, -1696, -2300, 21711, 15063, -1706, -2295, 21626, 15152, -1715,
	-2290, 21542, 15241, -1725, -2284, 21458, 15329, -1735, -2279, 21374, 15418, -1745, -2274, 21289, 15507, -1754,
	-2268, 21204, 15596, -1764, -2262, 21119, 15685, -1774, -2257, 21034, 15774, -1783, -2251, 20949, 15863, -1793,
	-2245, 20863, 15952, -1802, -2239, 20779, 16040, -1812, -2233, 20693, 16129, -1821, -2227, 20607, 16218, -1830,
	-2220, 20521, 16307, -1840, -2214, 20435, 16396, -1849, -2208, 20349, 16485, -1858, -2201, 20262, 16574, -1867,
	-2195, 20177, 16662, -1876, -2188, 20091, 16751, -1886, -2181, 20004, 16840, -1895, -2174, 19917, 16929, -1904,
	-2168, 19831, 17018, -1913, -2161, 19744, 17106, -1921, -2154, 19657, 17195, -1930, -2146, 19569, 17284, -1939,
	-2139, 19483, 17372, -1948, -2132, 19395, 17461, -1956, -2125, 19309, 17549, -1965, -2117, 19221, 17638, -1974,
	-2110, 19134, 17726, -1982, -2102, 19046, 17815, -1991, -2095, 18959, 17903, -1999, -2087, 18871, 17991, -2007,
	-2079, 18783, 18080, -2016, -2072, 18696, 18168, -2024, -2064, 18608, 18256, -2032, -2056, 18520, 18344, -2040,
	-2048, 18432, 18432, -2048, -2040, 18344, 18520, -2056, -2032, 18256, 18608, -2064, -2024, 18168, 18696, -2072,
	-2016, 18080, 18783, -2079, -2007, 17991, 18871, -2087, -1999, 17903, 18959, -2095, -1991, 17815, 19046, -2102,
	-1982, 17726, 19134, -2110, -1974, 17638, 19221, -2117, -1965, 17549, 19309, -2125, -1956, 17461, 19395, -2132,
	-1948, 17372, 19483, -2139, -1939, 17284, 19569, -2146, -1930, 17195, 19657, -2154, -1921, 17106, 19744, -2161,
	-1913, 17018, 19831, -2168, -1904, 16929, 19917, -2174, -1895, 16840, 20004, -2181, -1886, 16751, 20091, -2188,
	-1876, 16662, 20177, -2195, -1867, 16574, 20262, -2201, -1858, 16485, 20349, -2208, -1849, 16396, 20435, -2214,
	-1840, 16307, 20521, -2220, -1830, 16218, 20607, -2227, -1821, 16129, 20693, -2233, -1812, 16040, 20779, -2239,
	-1802, 15952, 20863, -2245, -1793, 15863, 20949, -2251, -1783, 15774, 21034, -2257, -1774, 15685, 21119, -2262,
	-1764, 15596, 21204, -2268, -1754, 15507, 21289, -2274, -1745, 15418, 21374, -2279, -1735, 15329, 21458, -2284,
	-1725, 15241, 21542, -2290, -1715, 15152, 21626, -2295, -1706, 15063, 21711, -2300, -1696, 14974, 21795, -2305,
	-1686, 14885, 21879, -2310, -1676, 14797, 21962, -2315, -1666, 14708, 22046, -2320, -1656, 14619, 22130, -2325,
	-1646, 14531, 22212, -2329, -1636, 14442, 22296, -2334, -1626, 14354, 22378, -2338, -1616, 14265, 22461, -2342,
	-1606, 14177, 22544, -2347, -1595, 14088, 22626, -2351, -1585, 14000, 22708, -2355, -1575, 13911, 22791, -2359,
	-1565, 13823, 22872, -2362, -1554, 13735, 22953, -2366, -1544, 13647, 23035, -2370, -1534, 13558, 23117, -2373,
	-1523, 13470, 23198, -2377, -1513, 13382, 23279, -2380, -1503, 13294, 23360, -2383, -1492, 13206, 23440, -2386,
	-1482, 13119, 23520, -2389, -1471, 13031, 23600, -2392, -1461, 12943, 23681, -2395, -1450, 12856, 23759, -2397,
	-1440, 12768, 23840, -2400, -1429, 12681, 23918, -2402, -1419, 12593, 23999, -2405, -1408, 12506, 24077, -2407,
	-1398, 12419, 24156, -2409, -1387, 12332, 24234, -2411, -1377, 12244, 24314, -2413, -1366, 12158, 24391, -2415,
	-1356, 12071, 24469, -2416, -1345, 11984, 24547, -2418, -1334, 11897, 24624, -2419, -1324, 11811, 24702, -2421,
	-1313, 11724, 24779, -2422, -1302, 11638, 24855, -2423, -1292, 11552, 24932, -2424, -1281, 11466, 25008, -2425,
	-1271, 11380, 25085, -2426, -1260, 11294, 25160, -2426, -1249, 11208, 25236, -2427, -1239, 11122, 25312, -2427,
	-1228, 11037, 25386, -2427, -1217, 10951, 25461, -2427, -1207, 10866, 25536, -2427, -1196, 10781, 25610, -2427,
	-1185, 10696, 25684, -2427, -1175, 10611, 25758, -2426, -1164, 10526, 25832, -2426, -1153, 10441, 25905, -2425,
	-1143, 10357, 25978, -2424, -1132, 10272, 26052, -2424, -1121, 10188, 26123, -2422, -1111, 10104, 26196, -2421,
	-1100, 10020, 26268, -2420, -1089,  9936, 26340, -2419, -1079,  9853, 26411, -2417, -1068,  9769, 26482, -2415,
	-1058,  9686, 26553, -2413, -1047,  9603, 26623, -2411, -1036,  9520, 26693, -2409, -1026,  9437, 26764, -2407,
	-1015,  9354, 26834, -2405, -1005,  9271, 26904, -2402,  -994,  9189, 26972, -2399,  -984,  9107, 27042, -2397,
	 -973,  9025, 27110, -2394,  -963,  8943, 27179, -2391,  -952,  8861, 27246, -2387,  -942,  8780, 27314, -2384,
	 -932,  8699, 27382, -2381,  -921,  8617, 27449, -2377,  -911,  8536, 27516, -2373,  -900,  8456, 27581, -2369,
	 -890,  8375, 27648, -2365,  -880,  8295, 27714, -2361,  -869,  8215, 27778, -2356,  -859,  8135, 27844, -2352,
	 -849,  8055, 27909, -2347,  -839,  7975, 27974, -2342,  -829,  7896, 28038, -2337,  -818,  7817, 28101, -2332,
	 -808,  7738, 28165, -2327,  -798,  7659, 28228, -2321,  -788,  7580, 28292, -2316,  -778,  7502, 28354, -2310,
	 -768,  7424, 28416, -2304,  -758,  7346, 28478, -2298,  -748,  7268, 28540, -2292,  -738,  7191, 28600, -2285,
	 -728,  7114, 28661, -2279,  -718,  7037, 28721, -2272,  -709,  6960, 28782, -2265,  -699,  6883, 28842, -2258,
	 -689,  6807, 28901, -2251,  -679,  6731, 28960, -2244,  -670,  6655, 29019, -2236,  -660,  6580, 29076, -2228,
	 -650,  6504, 29135, -2221,  -641,  6429, 29193, -2213,  -631,  6354, 29249, -2204,  -622,  6280, 29306, -2196,
	 -613,  6206, 29363, -2188,  -603,  6131, 29419, -2179,  -594,  6058, 29474, -2170,  -584,  5984, 29529, -2161,
	 -575,  5911, 29584, -2152,  -566,  5838, 29638, -2142,  -557,  5765, 29693, -2133,  -548,  5692, 29747, -2123,
	 -539,  5620, 29800, -2113,  -530,  5548, 29853, -2103,  -521,  5476, 29906, -2093,  -512,  5405, 29958, -2083,
	 -503,  5334, 30009, -2072,  -494,  5263, 30060, -2061,  -485,  5192, 30111, -2050,  -477,  5122, 30162, -2039,
	 -468,  5052, 30212, -2028,  -459,  4982, 30262, -2017,  -451,  4913, 30311, -2005,  -442,  4844, 30359, -1993,
	 -434,  4775, 30408, -1981,  -426,  4706, 30457, -1969,  -417,  4638, 30503, -1956,  -409,  4570, 30551, -1944,
	 -401,  4502, 30598, -1931,  -393,  4435, 30644, -1918,  -385,  4368, 30690, -1905,  -377,  4301, 30736, -1892,
	 -369,  4235, 30780, -1878,  -361,  4169, 30825, -1865,  -353,  4103, 30869, -1851,  -345,  4038, 30912, -1837,
	 -338,  3973, 30956, -1823,  -330,  3908, 30998, -1808,  -322,  3843, 31040, -1793,  -315,  3779, 31083, -1779,
	 -307,  3715, 31124, -1764,  -300,  3652, 31164, -1748,  -293,  3589, 31205, -1733,  -286,  3526, 31245, -1717,
	 -278,  3463, 31285, -1702,  -271,  3401, 31324, -1686,  -264,  3339, 31362, -1669,  -257,  3278, 31400, -1653,
	 -251,  3217, 31438, -1636,  -244,  3156, 31476, -1620,  -237,  3096, 31512, -1603,  -231,  3036, 31548, -1585,
	 -224,  2976, 31584, -1568,  -218,  2917, 31619, -1550,  -211,  2858, 31654, -1533,  -205,  2799, 31689, -1515,
	 -199,  2741, 31722, -1496,  -192,  2683, 31755, -1478,  -186,  2626, 31787, -1459,  -180,  2568, 31820, -1440,
	 -175,  2512, 31852, -1421,  -169,  2455, 31884, -1402,  -163,  2399, 31915, -1383,  -157,  2344, 31944, -1363,
	 -152,  2289, 31974, -1343,  -146,  2234, 32003, -1323,  -141,  2179, 32033, -1303,  -136,  2125, 32061, -1282,
	 -131,  2072, 32089, -1262,  -125,  2018, 32116, -1241,  -120,  1965, 32142, -1219,  -115,  1913, 32168, -1198,
	 -111,  1861, 32194, -1176,  -106,  1809, 32220, -1155,  -101,  1758, 32244, -1133,   -97,  1707, 32268, -1110,
	  -92,  1657, 32291, -1088,   -88,  1607, 32314, -1065,   -84,  1557, 32337, -1042,   -79,  1508, 32358, -1019,
	  -75,  1459, 32380,  -996,   -71,  1411, 32400,  -972,   -67,  1363, 32420,  -948,   -64,  1315, 32441,  -924,
	  -60,  1268, 32460,  -900,   -56,  1221, 32479,  -876,   -53,  1175, 32497,  -851,   -50,  1129, 32515,  -826,
	  -46,  1084, 32531,  -801,   -43,  1039, 32547,  -775,   -40,   995, 32563,  -750,   -37,   951, 32578,  -724,
	  -34,   907, 32593,  -698,   -32,   864, 32607,  -671,   -29,   821, 32621,  -645,   -26,   779, 32633,  -618,
	  -24,   737, 32646,  -591,   -22,   696, 32658,  -564,   -20,   655, 32669,  -536,   -17,   614, 32679,  -508,
	  -16,   575, 32690,  -481,   -14,   535, 32699,  -452,   -12,   496, 32708,  -424,   -10,   457, 32716,  -395,
	   -9,   419, 32724,  -366,    -7,   382, 32730,  -337,    -6,   345, 32737,  -308,    -5,   308, 32743,  -278,
	   -4,   272, 32748,  -248,    -3,   236, 32753,  -218,    -2,   201, 32757,  -188,    -2,   166, 32761,  -157,
	   -1,   132, 32763,  -126,    -1,    98, 32766,   -95,     0,    65, 32767,   -64,     0,    32, 32767,   -32
};
